n=12
1,2,3,4,5,6,1,2,3,4,5,6  
1,2,3,4,5,6,1,2,3,4,5,6 
22,22,22,22,22,22,22,22,22,22,22,22
1,2,3,4,5,6,1,2,3,4,5,6
11,11,11,11,11,11,11,11,11,11,11,11
22,22,22,22,22,22,22,22,22,22,22,22
1,2,3,4,5,6,1,2,3,4,5,6 
31,31,31,31,31,31,31,31,31,31,31,31 
42,42,42,42,42,42,42,42,42,42,42,42 
1,2,3,4,5,6,1,2,3,4,5,6 
11,11,11,11,11,11,11,11,11,11,11,11 
22,22,22,22,22,22,22,22,22,22,22,22 
22,22,22,22,22,22,22,22,22,22,22,22
1,2,3,4,5,6,1,2,3,4,5,6 
31,31,31,31,31,31,31,31,31,31,31,31 
42,42,42,42,42,42,42,42,42,42,42,42 
1,2,3,4,5,6,1,2,3,4,5,6 
11,11,11,11,11,11,11,11,11,11,11,11 
22,22,22,22,22,22,22,22,22,22,22,22
1,2,3,4,5,6,1,2,3,4,5,6  
1,2,3,4,5,6,1,2,3,4,5,6 
22,22,22,22,22,22,22,22,22,22,22,22
1,2,3,4,5,6,1,2,3,4,5,6
11,11,11,11,11,11,11,11,11,11,11,11
 